% Chamber pressure vector (Pc) for lookup table
P_c_vec = 270:350; 

OF = 1.2;
% Chamber speed of sound values from CEA, at frozen conditions in chamber
a_vec = [
    8.9921E+02
    8.9924E+02
    8.9928E+02
    8.9931E+02
    8.9935E+02
    8.9938E+02
    8.9941E+02
    8.9945E+02
    8.9948E+02
    8.9951E+02
    8.9955E+02
    8.9958E+02
    8.9961E+02
    8.9965E+02
    8.9968E+02
    8.9971E+02
    8.9975E+02
    8.9978E+02
    8.9981E+02
    8.9984E+02
    8.9987E+02
    8.9991E+02
    8.9994E+02
    8.9997E+02
    9.0000E+02
    9.0003E+02
    9.0007E+02
    9.0010E+02
    9.0013E+02
    9.0016E+02
    9.0019E+02
    9.0022E+02
    9.0025E+02
    9.0028E+02
    9.0032E+02
    9.0035E+02
    9.0038E+02
    9.0041E+02
    9.0044E+02
    9.0047E+02
    9.0050E+02
    9.0053E+02
    9.0056E+02
    9.0059E+02
    9.0062E+02
    9.0065E+02
    9.0068E+02
    9.0071E+02
    9.0071E+02
    9.0074E+02
    9.0077E+02
    9.0080E+02
    9.0083E+02
    9.0086E+02
    9.0089E+02
    9.0091E+02
    9.0094E+02
    9.0097E+02
    9.0100E+02
    9.0103E+02
    9.0106E+02
    9.0109E+02
    9.0112E+02
    9.0114E+02
    9.0117E+02
    9.0120E+02
    9.0123E+02
    9.0126E+02
    9.0129E+02
    9.0131E+02
    9.0134E+02
    9.0137E+02
    9.0140E+02
    9.0143E+02
    9.0145E+02
    9.0148E+02
    9.0151E+02
    9.0154E+02
    9.0156E+02
    9.0159E+02
    9.0162E+02
    9.0164E+02

];
