P_c_vec = 270:350;

OF = 1.2;

% c_star values from CEA at equilibrium conditions
c_star_vec = [
    1207.7
    1207.8
    1207.9
    1207.9
    1208.0
    1208.1
    1208.1
    1208.2
    1208.3
    1208.4
    1208.4
    1208.5
    1208.6
    1208.6
    1208.7
    1208.8
    1208.8
    1208.9
    1209.0
    1209.0
    1209.1
    1209.2
    1209.2
    1209.3
    1209.4
    1209.4
    1209.5
    1209.6
    1209.6
    1209.7
    1209.8
    1209.8
    1209.9
    1210.0
    1210.0
    1210.1
    1210.2
    1210.2
    1210.3
    1210.3
    1210.4
    1210.4
    1210.5
    1210.5
    1210.6
    1210.6
    1210.7
    1210.7
    1211.6
    1211.7   % 331 psia
    1211.8   % 332
    1211.8   % 333
    1211.9   % 334
    1211.9   % 335
    1212.0   % 336
    1212.0   % 337
    1212.1   % 338
    1212.2   % 339
    1212.2   % 340
    1212.3   % 341 psia
    1212.3   % 342
    1212.4   % 343
    1212.4   % 344
    1212.5   % 345
    1212.6   % 346
    1212.6   % 347
    1212.7   % 348
    1212.7   % 349
    1212.8   % 350
];

